0.000000000000000000e+00 2.046114590532593092e-01 2.808056444624486558e-01 2.024685373688836221e-01 1.963657151981756666e-01 2.718532741999870050e-01 9.429386013170344694e-02 2.656001586527423908e-01 3.683760682896674021e-01 2.095225125451978532e-01
2.046114590532593092e-01 0.000000000000000000e+00 3.986846088597950644e-01 3.171729650806661138e-01 1.180036534477670040e-01 1.501334013222513364e-01 1.445093797989203954e-01 2.390543122922930419e-01 3.328768070956186764e-01 1.386108586090359918e-01
2.808056444624486558e-01 3.986846088597950644e-01 0.000000000000000000e+00 2.650283851375496713e-01 2.071578535904660678e-01 2.929744658685784486e-01 2.407475102171791059e-01 1.939340692596249194e-01 3.838171138164619411e-01 2.370216542295757456e-01
2.024685373688836221e-01 3.171729650806661138e-01 2.650283851375496713e-01 0.000000000000000000e+00 1.244257587210831351e-01 2.193347001689755493e-01 1.431975152318469002e-01 2.133935875239379998e-01 3.309670143578291590e-01 1.354252179338311102e-01
1.963657151981756666e-01 1.180036534477670040e-01 2.071578535904660678e-01 1.244257587210831351e-01 0.000000000000000000e+00 1.871512263486349026e-01 1.404814553809181354e-01 2.073172683232070712e-01 1.624673961911474174e-01 1.294062517219033981e-01
2.718532741999870050e-01 1.501334013222513364e-01 2.929744658685784486e-01 2.193347001689755493e-01 1.871512263486349026e-01 0.000000000000000000e+00 2.316460968671192888e-01 2.786783990459797411e-01 1.851682026792624003e-01 2.312413778871258430e-01
9.429386013170344694e-02 1.445093797989203954e-01 2.407475102171791059e-01 1.431975152318469002e-01 1.404814553809181354e-01 2.316460968671192888e-01 0.000000000000000000e+00 2.242476177732802833e-01 3.397016294389971769e-01 1.539020686462914123e-01
2.656001586527423908e-01 2.390543122922930419e-01 1.939340692596249194e-01 2.133935875239379998e-01 2.073172683232070712e-01 2.786783990459797411e-01 2.242476177732802833e-01 0.000000000000000000e+00 3.736264653850461803e-01 2.204731135791531405e-01
3.683760682896674021e-01 3.328768070956186764e-01 3.838171138164619411e-01 3.309670143578291590e-01 1.624673961911474174e-01 1.851682026792624003e-01 3.397016294389971769e-01 3.736264653850461803e-01 0.000000000000000000e+00 3.629982577709457425e-01
2.095225125451978532e-01 1.386108586090359918e-01 2.370216542295757456e-01 1.354252179338311102e-01 1.294062517219033981e-01 2.312413778871258430e-01 1.539020686462914123e-01 2.204731135791531405e-01 3.629982577709457425e-01 0.000000000000000000e+00
